+0.000000	+0.000000	+0.000000
+0.066667	+0.000000	+0.000000
+0.133333	+0.000000	+0.000000
+0.200000	+0.000000	+0.000000
+0.266667	+0.000000	+0.000000
+0.333333	+0.000000	+0.000000
+0.400000	+0.000000	+0.000000
+0.466667	+0.000000	+0.000000
-0.466667	+0.000000	+0.000000
-0.400000	+0.000000	+0.000000
-0.333333	+0.000000	+0.000000
-0.266667	+0.000000	+0.000000
-0.200000	+0.000000	+0.000000
-0.133333	+0.000000	+0.000000
-0.066667	+0.000000	+0.000000
+0.000000	+0.066667	+0.000000
+0.066667	+0.066667	+0.000000
+0.133333	+0.066667	+0.000000
+0.200000	+0.066667	+0.000000
+0.266667	+0.066667	+0.000000
+0.333333	+0.066667	+0.000000
+0.400000	+0.066667	+0.000000
+0.466667	+0.066667	+0.000000
-0.466667	+0.066667	+0.000000
-0.400000	+0.066667	+0.000000
-0.333333	+0.066667	+0.000000
-0.266667	+0.066667	+0.000000
-0.200000	+0.066667	+0.000000
-0.133333	+0.066667	+0.000000
-0.066667	+0.066667	+0.000000
+0.000000	+0.133333	+0.000000
+0.066667	+0.133333	+0.000000
+0.133333	+0.133333	+0.000000
+0.200000	+0.133333	+0.000000
+0.266667	+0.133333	+0.000000
+0.333333	+0.133333	+0.000000
+0.400000	+0.133333	+0.000000
+0.466667	+0.133333	+0.000000
-0.466667	+0.133333	+0.000000
-0.400000	+0.133333	+0.000000
-0.333333	+0.133333	+0.000000
-0.266667	+0.133333	+0.000000
-0.200000	+0.133333	+0.000000
-0.133333	+0.133333	+0.000000
-0.066667	+0.133333	+0.000000
+0.000000	+0.200000	+0.000000
+0.066667	+0.200000	+0.000000
+0.133333	+0.200000	+0.000000
+0.200000	+0.200000	+0.000000
+0.266667	+0.200000	+0.000000
+0.333333	+0.200000	+0.000000
+0.400000	+0.200000	+0.000000
+0.466667	+0.200000	+0.000000
-0.466667	+0.200000	+0.000000
-0.400000	+0.200000	+0.000000
-0.333333	+0.200000	+0.000000
-0.266667	+0.200000	+0.000000
-0.200000	+0.200000	+0.000000
-0.133333	+0.200000	+0.000000
-0.066667	+0.200000	+0.000000
+0.000000	+0.266667	+0.000000
+0.066667	+0.266667	+0.000000
+0.133333	+0.266667	+0.000000
+0.200000	+0.266667	+0.000000
+0.266667	+0.266667	+0.000000
+0.333333	+0.266667	+0.000000
+0.400000	+0.266667	+0.000000
+0.466667	+0.266667	+0.000000
-0.466667	+0.266667	+0.000000
-0.400000	+0.266667	+0.000000
-0.333333	+0.266667	+0.000000
-0.266667	+0.266667	+0.000000
-0.200000	+0.266667	+0.000000
-0.133333	+0.266667	+0.000000
-0.066667	+0.266667	+0.000000
+0.000000	+0.333333	+0.000000
+0.066667	+0.333333	+0.000000
+0.133333	+0.333333	+0.000000
+0.200000	+0.333333	+0.000000
+0.266667	+0.333333	+0.000000
+0.333333	+0.333333	+0.000000
+0.400000	+0.333333	+0.000000
+0.466667	+0.333333	+0.000000
-0.466667	+0.333333	+0.000000
-0.400000	+0.333333	+0.000000
-0.333333	+0.333333	+0.000000
-0.266667	+0.333333	+0.000000
-0.200000	+0.333333	+0.000000
-0.133333	+0.333333	+0.000000
-0.066667	+0.333333	+0.000000
+0.000000	+0.400000	+0.000000
+0.066667	+0.400000	+0.000000
+0.133333	+0.400000	+0.000000
+0.200000	+0.400000	+0.000000
+0.266667	+0.400000	+0.000000
+0.333333	+0.400000	+0.000000
+0.400000	+0.400000	+0.000000
+0.466667	+0.400000	+0.000000
-0.466667	+0.400000	+0.000000
-0.400000	+0.400000	+0.000000
-0.333333	+0.400000	+0.000000
-0.266667	+0.400000	+0.000000
-0.200000	+0.400000	+0.000000
-0.133333	+0.400000	+0.000000
-0.066667	+0.400000	+0.000000
+0.000000	+0.466667	+0.000000
+0.066667	+0.466667	+0.000000
+0.133333	+0.466667	+0.000000
+0.200000	+0.466667	+0.000000
+0.266667	+0.466667	+0.000000
+0.333333	+0.466667	+0.000000
+0.400000	+0.466667	+0.000000
+0.466667	+0.466667	+0.000000
-0.466667	+0.466667	+0.000000
-0.400000	+0.466667	+0.000000
-0.333333	+0.466667	+0.000000
-0.266667	+0.466667	+0.000000
-0.200000	+0.466667	+0.000000
-0.133333	+0.466667	+0.000000
-0.066667	+0.466667	+0.000000
+0.000000	-0.466667	+0.000000
+0.066667	-0.466667	+0.000000
+0.133333	-0.466667	+0.000000
+0.200000	-0.466667	+0.000000
+0.266667	-0.466667	+0.000000
+0.333333	-0.466667	+0.000000
+0.400000	-0.466667	+0.000000
+0.466667	-0.466667	+0.000000
-0.466667	-0.466667	+0.000000
-0.400000	-0.466667	+0.000000
-0.333333	-0.466667	+0.000000
-0.266667	-0.466667	+0.000000
-0.200000	-0.466667	+0.000000
-0.133333	-0.466667	+0.000000
-0.066667	-0.466667	+0.000000
+0.000000	-0.400000	+0.000000
+0.066667	-0.400000	+0.000000
+0.133333	-0.400000	+0.000000
+0.200000	-0.400000	+0.000000
+0.266667	-0.400000	+0.000000
+0.333333	-0.400000	+0.000000
+0.400000	-0.400000	+0.000000
+0.466667	-0.400000	+0.000000
-0.466667	-0.400000	+0.000000
-0.400000	-0.400000	+0.000000
-0.333333	-0.400000	+0.000000
-0.266667	-0.400000	+0.000000
-0.200000	-0.400000	+0.000000
-0.133333	-0.400000	+0.000000
-0.066667	-0.400000	+0.000000
+0.000000	-0.333333	+0.000000
+0.066667	-0.333333	+0.000000
+0.133333	-0.333333	+0.000000
+0.200000	-0.333333	+0.000000
+0.266667	-0.333333	+0.000000
+0.333333	-0.333333	+0.000000
+0.400000	-0.333333	+0.000000
+0.466667	-0.333333	+0.000000
-0.466667	-0.333333	+0.000000
-0.400000	-0.333333	+0.000000
-0.333333	-0.333333	+0.000000
-0.266667	-0.333333	+0.000000
-0.200000	-0.333333	+0.000000
-0.133333	-0.333333	+0.000000
-0.066667	-0.333333	+0.000000
+0.000000	-0.266667	+0.000000
+0.066667	-0.266667	+0.000000
+0.133333	-0.266667	+0.000000
+0.200000	-0.266667	+0.000000
+0.266667	-0.266667	+0.000000
+0.333333	-0.266667	+0.000000
+0.400000	-0.266667	+0.000000
+0.466667	-0.266667	+0.000000
-0.466667	-0.266667	+0.000000
-0.400000	-0.266667	+0.000000
-0.333333	-0.266667	+0.000000
-0.266667	-0.266667	+0.000000
-0.200000	-0.266667	+0.000000
-0.133333	-0.266667	+0.000000
-0.066667	-0.266667	+0.000000
+0.000000	-0.200000	+0.000000
+0.066667	-0.200000	+0.000000
+0.133333	-0.200000	+0.000000
+0.200000	-0.200000	+0.000000
+0.266667	-0.200000	+0.000000
+0.333333	-0.200000	+0.000000
+0.400000	-0.200000	+0.000000
+0.466667	-0.200000	+0.000000
-0.466667	-0.200000	+0.000000
-0.400000	-0.200000	+0.000000
-0.333333	-0.200000	+0.000000
-0.266667	-0.200000	+0.000000
-0.200000	-0.200000	+0.000000
-0.133333	-0.200000	+0.000000
-0.066667	-0.200000	+0.000000
+0.000000	-0.133333	+0.000000
+0.066667	-0.133333	+0.000000
+0.133333	-0.133333	+0.000000
+0.200000	-0.133333	+0.000000
+0.266667	-0.133333	+0.000000
+0.333333	-0.133333	+0.000000
+0.400000	-0.133333	+0.000000
+0.466667	-0.133333	+0.000000
-0.466667	-0.133333	+0.000000
-0.400000	-0.133333	+0.000000
-0.333333	-0.133333	+0.000000
-0.266667	-0.133333	+0.000000
-0.200000	-0.133333	+0.000000
-0.133333	-0.133333	+0.000000
-0.066667	-0.133333	+0.000000
+0.000000	-0.066667	+0.000000
+0.066667	-0.066667	+0.000000
+0.133333	-0.066667	+0.000000
+0.200000	-0.066667	+0.000000
+0.266667	-0.066667	+0.000000
+0.333333	-0.066667	+0.000000
+0.400000	-0.066667	+0.000000
+0.466667	-0.066667	+0.000000
-0.466667	-0.066667	+0.000000
-0.400000	-0.066667	+0.000000
-0.333333	-0.066667	+0.000000
-0.266667	-0.066667	+0.000000
-0.200000	-0.066667	+0.000000
-0.133333	-0.066667	+0.000000
-0.066667	-0.066667	+0.000000
0	1	2	3	4	5	6	7	7	6	5	4	3	2	1	1	1	17	18	19	20	21	22	23	22	21	20	19	18	17	2	17	2	18	34	35	36	37	38	38	37	36	35	34	18	3	18	18	3	19	35	51	52	53	54	53	52	51	35	19	4	19	34	19	4	20	36	52	68	69	69	68	52	36	20	5	20	35	35	20	5	21	37	53	69	85	69	53	37	21	6	21	36	51	36	21	6	22	38	54	69	69	54	38	22	7	22	37	52	52	37	22	7	23	38	53	68	53	38	23	7	23	38	53	68	53	38	23	7	22	37	52	52	37	22	6	22	38	54	69	69	54	38	22	6	21	36	51	36	21	5	21	37	53	69	85	69	53	37	21	5	20	35	35	20	4	20	36	52	68	69	69	68	52	36	20	4	19	34	19	3	19	35	51	52	53	54	53	52	51	35	19	3	18	18	2	18	34	35	36	37	38	38	37	36	35	34	18	2	17	1	17	18	19	20	21	22	23	22	21	20	19	18	17	1	
